calFileVersion 1
solt_tr
201 10000000.000000 14950000.000000 25 25
load1
0.013141 -0.000831 0.000026 0.000022 0.000000 0.000000 0.000000 0.000000 
0.011604 -0.000369 -0.000026 -0.000022 0.000000 0.000000 0.000000 0.000000 
0.011593 0.000103 -0.000017 -0.000023 0.000000 0.000000 0.000000 0.000000 
0.011756 -0.000284 0.000025 -0.000025 0.000000 0.000000 0.000000 0.000000 
0.012093 -0.000171 -0.000046 -0.000001 0.000000 0.000000 0.000000 0.000000 
0.012497 -0.000378 -0.000019 0.000007 0.000000 0.000000 0.000000 0.000000 
0.012744 -0.000603 -0.000003 -0.000044 0.000000 0.000000 0.000000 0.000000 
0.013201 -0.000888 0.000048 0.000017 0.000000 0.000000 0.000000 0.000000 
0.013509 -0.001336 -0.000055 0.000020 0.000000 0.000000 0.000000 0.000000 
0.013683 -0.001659 0.000010 -0.000023 0.000000 0.000000 0.000000 0.000000 
0.013838 -0.002034 -0.000013 0.000011 0.000000 0.000000 0.000000 0.000000 
0.014128 -0.002417 0.000021 -0.000002 0.000000 0.000000 0.000000 0.000000 
0.014593 -0.002916 -0.000009 0.000018 0.000000 0.000000 0.000000 0.000000 
0.014791 -0.003349 0.000016 0.000018 0.000000 0.000000 0.000000 0.000000 
0.015117 -0.003836 -0.000015 -0.000007 0.000000 0.000000 0.000000 0.000000 
0.015599 -0.004333 0.000012 -0.000021 0.000000 0.000000 0.000000 0.000000 
0.015687 -0.004907 -0.000028 0.000001 0.000000 0.000000 0.000000 0.000000 
0.016116 -0.005484 -0.000032 0.000013 0.000000 0.000000 0.000000 0.000000 
0.016485 -0.006059 0.000021 -0.000000 0.000000 0.000000 0.000000 0.000000 
0.016849 -0.006646 0.000003 -0.000020 0.000000 0.000000 0.000000 0.000000 
0.017201 -0.007199 0.000018 0.000004 0.000000 0.000000 0.000000 0.000000 
0.017414 -0.007822 0.000006 -0.000044 0.000000 0.000000 0.000000 0.000000 
0.017531 -0.008318 -0.000010 0.000010 0.000000 0.000000 0.000000 0.000000 
0.017830 -0.008964 0.000002 -0.000009 0.000000 0.000000 0.000000 0.000000 
0.018127 -0.009545 0.000017 -0.000004 0.000000 0.000000 0.000000 0.000000 
0.018589 -0.010266 -0.000004 -0.000003 0.000000 0.000000 0.000000 0.000000 
0.018675 -0.010863 -0.000035 -0.000015 0.000000 0.000000 0.000000 0.000000 
0.018679 -0.011478 -0.000045 -0.000009 0.000000 0.000000 0.000000 0.000000 
0.019008 -0.012070 -0.000028 -0.000021 0.000000 0.000000 0.000000 0.000000 
0.019080 -0.012746 -0.000029 0.000018 0.000000 0.000000 0.000000 0.000000 
0.019033 -0.013265 0.000007 0.000021 0.000000 0.000000 0.000000 0.000000 
0.019157 -0.013928 0.000041 0.000025 0.000000 0.000000 0.000000 0.000000 
0.019088 -0.014548 0.000023 0.000007 0.000000 0.000000 0.000000 0.000000 
0.019209 -0.015147 0.000021 0.000034 0.000000 0.000000 0.000000 0.000000 
0.019190 -0.015803 0.000025 -0.000016 0.000000 0.000000 0.000000 0.000000 
0.019147 -0.016472 -0.000012 0.000006 0.000000 0.000000 0.000000 0.000000 
0.019270 -0.017112 0.000012 -0.000018 0.000000 0.000000 0.000000 0.000000 
0.019127 -0.017816 -0.000028 0.000001 0.000000 0.000000 0.000000 0.000000 
0.019141 -0.018414 -0.000020 0.000005 0.000000 0.000000 0.000000 0.000000 
0.019203 -0.019032 0.000020 0.000005 0.000000 0.000000 0.000000 0.000000 
0.019056 -0.019734 0.000001 0.000012 0.000000 0.000000 0.000000 0.000000 
0.019184 -0.020433 -0.000007 -0.000012 0.000000 0.000000 0.000000 0.000000 
0.019154 -0.021098 0.000016 0.000006 0.000000 0.000000 0.000000 0.000000 
0.019012 -0.021620 -0.000030 0.000017 0.000000 0.000000 0.000000 0.000000 
0.018945 -0.022296 -0.000011 -0.000025 0.000000 0.000000 0.000000 0.000000 
0.018848 -0.022972 0.000015 0.000025 0.000000 0.000000 0.000000 0.000000 
0.018844 -0.023574 0.000017 -0.000021 0.000000 0.000000 0.000000 0.000000 
0.018939 -0.024149 -0.000027 -0.000020 0.000000 0.000000 0.000000 0.000000 
0.019130 -0.024712 0.000004 0.000019 0.000000 0.000000 0.000000 0.000000 
0.018771 -0.025531 -0.000015 0.000023 0.000000 0.000000 0.000000 0.000000 
0.018644 -0.025944 0.000030 0.000019 0.000000 0.000000 0.000000 0.000000 
0.018825 -0.026659 0.000008 -0.000030 0.000000 0.000000 0.000000 0.000000 
0.018778 -0.027186 -0.000012 -0.000018 0.000000 0.000000 0.000000 0.000000 
0.018746 -0.027838 0.000023 0.000034 0.000000 0.000000 0.000000 0.000000 
0.018604 -0.028361 0.000007 0.000011 0.000000 0.000000 0.000000 0.000000 
0.018551 -0.028880 -0.000022 -0.000011 0.000000 0.000000 0.000000 0.000000 
0.018594 -0.029404 -0.000020 0.000011 0.000000 0.000000 0.000000 0.000000 
0.018668 -0.029648 -0.000015 -0.000032 0.000000 0.000000 0.000000 0.000000 
0.018584 -0.030813 -0.000012 -0.000036 0.000000 0.000000 0.000000 0.000000 
0.018611 -0.031234 0.000056 -0.000024 0.000000 0.000000 0.000000 0.000000 
0.018582 -0.031967 0.000002 0.000013 0.000000 0.000000 0.000000 0.000000 
0.018555 -0.032622 0.000025 -0.000024 0.000000 0.000000 0.000000 0.000000 
0.018654 -0.033299 -0.000001 0.000037 0.000000 0.000000 0.000000 0.000000 
0.018586 -0.034190 -0.000019 0.000023 0.000000 0.000000 0.000000 0.000000 
0.018562 -0.035033 0.000024 -0.000008 0.000000 0.000000 0.000000 0.000000 
0.018376 -0.035988 0.000052 -0.000001 0.000000 0.000000 0.000000 0.000000 
0.018593 -0.036924 0.000006 0.000016 0.000000 0.000000 0.000000 0.000000 
0.018319 -0.037772 0.000011 0.000026 0.000000 0.000000 0.000000 0.000000 
0.017709 -0.038555 0.000077 -0.000032 0.000000 0.000000 0.000000 0.000000 
0.017176 -0.039749 0.000033 0.000036 0.000000 0.000000 0.000000 0.000000 
0.016605 -0.040770 0.000037 0.000004 0.000000 0.000000 0.000000 0.000000 
0.015510 -0.040824 0.000006 0.000007 0.000000 0.000000 0.000000 0.000000 
0.014898 -0.040976 0.000048 -0.000020 0.000000 0.000000 0.000000 0.000000 
0.014731 -0.040997 -0.000014 -0.000023 0.000000 0.000000 0.000000 0.000000 
0.014489 -0.041302 -0.000026 -0.000028 0.000000 0.000000 0.000000 0.000000 
0.014906 -0.041314 -0.000020 -0.000009 0.000000 0.000000 0.000000 0.000000 
0.015121 -0.042378 0.000013 0.000031 0.000000 0.000000 0.000000 0.000000 
0.015281 -0.042788 0.000028 0.000015 0.000000 0.000000 0.000000 0.000000 
0.015098 -0.043438 0.000021 0.000015 0.000000 0.000000 0.000000 0.000000 
0.015443 -0.044407 0.000024 0.000043 0.000000 0.000000 0.000000 0.000000 
0.015184 -0.045593 0.000029 0.000032 0.000000 0.000000 0.000000 0.000000 
0.015281 -0.046160 0.000054 -0.000039 0.000000 0.000000 0.000000 0.000000 
0.015007 -0.046988 0.000008 0.000018 0.000000 0.000000 0.000000 0.000000 
0.014750 -0.048052 0.000026 0.000015 0.000000 0.000000 0.000000 0.000000 
0.014794 -0.048511 -0.000014 0.000012 0.000000 0.000000 0.000000 0.000000 
0.014661 -0.049684 0.000009 -0.000048 0.000000 0.000000 0.000000 0.000000 
0.014243 -0.050895 0.000021 0.000026 0.000000 0.000000 0.000000 0.000000 
0.013872 -0.051531 0.000057 -0.000018 0.000000 0.000000 0.000000 0.000000 
0.013288 -0.053370 0.000009 -0.000016 0.000000 0.000000 0.000000 0.000000 
0.012669 -0.054340 0.000005 -0.000013 0.000000 0.000000 0.000000 0.000000 
0.012497 -0.054805 0.000053 0.000085 0.000000 0.000000 0.000000 0.000000 
0.012366 -0.056991 0.000052 -0.000077 0.000000 0.000000 0.000000 0.000000 
0.011154 -0.056973 -0.000073 -0.000001 0.000000 0.000000 0.000000 0.000000 
0.010562 -0.057395 -0.000012 0.000013 0.000000 0.000000 0.000000 0.000000 
0.010358 -0.058878 0.000039 0.000033 0.000000 0.000000 0.000000 0.000000 
0.009302 -0.060133 -0.000021 0.000062 0.000000 0.000000 0.000000 0.000000 
0.008590 -0.060825 -0.000102 -0.000003 0.000000 0.000000 0.000000 0.000000 
0.007965 -0.062311 -0.000097 0.000046 0.000000 0.000000 0.000000 0.000000 
0.007499 -0.063174 0.000008 -0.000051 0.000000 0.000000 0.000000 0.000000 
0.006599 -0.064629 0.000032 0.000118 0.000000 0.000000 0.000000 0.000000 
0.005440 -0.064959 0.000014 0.000067 0.000000 0.000000 0.000000 0.000000 
0.004273 -0.066261 0.000079 -0.000028 0.000000 0.000000 0.000000 0.000000 
0.004412 -0.067522 0.000030 0.000046 0.000000 0.000000 0.000000 0.000000 
0.002671 -0.068337 0.000032 -0.000008 0.000000 0.000000 0.000000 0.000000 
0.001067 -0.068487 0.000076 0.000041 0.000000 0.000000 0.000000 0.000000 
0.000165 -0.069373 -0.000002 0.000024 0.000000 0.000000 0.000000 0.000000 
-0.000180 -0.071436 -0.000038 -0.000022 0.000000 0.000000 0.000000 0.000000 
-0.001575 -0.071845 0.000029 0.000001 0.000000 0.000000 0.000000 0.000000 
-0.002685 -0.073128 -0.000054 0.000094 0.000000 0.000000 0.000000 0.000000 
-0.003461 -0.073583 -0.000023 0.000076 0.000000 0.000000 0.000000 0.000000 
-0.005677 -0.073663 -0.000105 0.000124 0.000000 0.000000 0.000000 0.000000 
-0.006121 -0.075175 -0.000010 0.000032 0.000000 0.000000 0.000000 0.000000 
-0.007944 -0.075203 -0.000107 0.000030 0.000000 0.000000 0.000000 0.000000 
-0.007635 -0.077405 -0.000030 0.000185 0.000000 0.000000 0.000000 0.000000 
-0.009975 -0.077438 -0.000032 0.000102 0.000000 0.000000 0.000000 0.000000 
-0.010311 -0.078110 -0.000004 0.000142 0.000000 0.000000 0.000000 0.000000 
-0.011748 -0.078709 0.000015 0.000193 0.000000 0.000000 0.000000 0.000000 
-0.012615 -0.079398 -0.000002 0.000203 0.000000 0.000000 0.000000 0.000000 
-0.014926 -0.079535 0.000057 0.000143 0.000000 0.000000 0.000000 0.000000 
-0.014332 -0.081369 0.000043 0.000155 0.000000 0.000000 0.000000 0.000000 
-0.016250 -0.081894 0.000010 0.000187 0.000000 0.000000 0.000000 0.000000 
-0.018157 -0.081730 0.000069 0.000110 0.000000 0.000000 0.000000 0.000000 
-0.018787 -0.082681 0.000064 0.000169 0.000000 0.000000 0.000000 0.000000 
-0.020867 -0.082931 0.000073 0.000187 0.000000 0.000000 0.000000 0.000000 
-0.020043 -0.084809 0.000100 0.000180 0.000000 0.000000 0.000000 0.000000 
-0.020961 -0.085322 0.000083 0.000047 0.000000 0.000000 0.000000 0.000000 
-0.022284 -0.085856 0.000091 0.000036 0.000000 0.000000 0.000000 0.000000 
-0.025720 -0.085933 0.000062 0.000096 0.000000 0.000000 0.000000 0.000000 
-0.025883 -0.086958 0.000051 0.000070 0.000000 0.000000 0.000000 0.000000 
-0.026388 -0.087485 0.000105 0.000024 0.000000 0.000000 0.000000 0.000000 
-0.028264 -0.088409 0.000083 0.000070 0.000000 0.000000 0.000000 0.000000 
-0.027462 -0.089693 0.000045 -0.000014 0.000000 0.000000 0.000000 0.000000 
-0.029785 -0.090198 0.000076 0.000022 0.000000 0.000000 0.000000 0.000000 
-0.030882 -0.091276 0.000063 -0.000011 0.000000 0.000000 0.000000 0.000000 
-0.031983 -0.091951 0.000027 -0.000018 0.000000 0.000000 0.000000 0.000000 
-0.034571 -0.092157 0.000092 -0.000046 0.000000 0.000000 0.000000 0.000000 
-0.034068 -0.093901 0.000130 -0.000100 0.000000 0.000000 0.000000 0.000000 
-0.035578 -0.094647 0.000081 -0.000071 0.000000 0.000000 0.000000 0.000000 
-0.037032 -0.095862 0.000048 -0.000059 0.000000 0.000000 0.000000 0.000000 
-0.039747 -0.097176 0.000067 -0.000247 0.000000 0.000000 0.000000 0.000000 
-0.039071 -0.098013 0.000029 -0.000031 0.000000 0.000000 0.000000 0.000000 
-0.040141 -0.098647 0.000064 -0.000140 0.000000 0.000000 0.000000 0.000000 
-0.042485 -0.099420 0.000015 -0.000100 0.000000 0.000000 0.000000 0.000000 
-0.043721 -0.100406 -0.000038 -0.000119 0.000000 0.000000 0.000000 0.000000 
-0.044432 -0.101333 -0.000014 -0.000068 0.000000 0.000000 0.000000 0.000000 
-0.044355 -0.101635 0.000083 -0.000133 0.000000 0.000000 0.000000 0.000000 
-0.046710 -0.103024 0.000009 0.000002 0.000000 0.000000 0.000000 0.000000 
-0.048961 -0.104505 -0.000024 -0.000117 0.000000 0.000000 0.000000 0.000000 
-0.049846 -0.106070 -0.000011 -0.000110 0.000000 0.000000 0.000000 0.000000 
-0.051834 -0.107695 0.000043 -0.000069 0.000000 0.000000 0.000000 0.000000 
-0.051627 -0.107817 0.000076 -0.000119 0.000000 0.000000 0.000000 0.000000 
-0.052898 -0.108992 0.000088 -0.000139 0.000000 0.000000 0.000000 0.000000 
-0.054048 -0.109564 0.000112 -0.000061 0.000000 0.000000 0.000000 0.000000 
-0.055558 -0.111701 0.000055 -0.000087 0.000000 0.000000 0.000000 0.000000 
-0.058038 -0.113091 0.000131 -0.000102 0.000000 0.000000 0.000000 0.000000 
-0.056511 -0.114096 0.000162 -0.000107 0.000000 0.000000 0.000000 0.000000 
-0.059884 -0.115039 0.000164 -0.000111 0.000000 0.000000 0.000000 0.000000 
-0.060101 -0.116013 0.000208 -0.000204 0.000000 0.000000 0.000000 0.000000 
-0.061475 -0.117815 0.000165 -0.000072 0.000000 0.000000 0.000000 0.000000 
-0.061463 -0.116656 0.000165 -0.000247 0.000000 0.000000 0.000000 0.000000 
-0.062910 -0.118996 0.000084 -0.000274 0.000000 0.000000 0.000000 0.000000 
-0.066315 -0.122252 0.000012 -0.000205 0.000000 0.000000 0.000000 0.000000 
-0.069008 -0.124002 -0.000035 -0.000195 0.000000 0.000000 0.000000 0.000000 
-0.069352 -0.124468 -0.000129 -0.000078 0.000000 0.000000 0.000000 0.000000 
-0.071331 -0.125371 -0.000069 -0.000101 0.000000 0.000000 0.000000 0.000000 
-0.071945 -0.124436 -0.000074 0.000249 0.000000 0.000000 0.000000 0.000000 
-0.074189 -0.123909 0.000046 0.000026 0.000000 0.000000 0.000000 0.000000 
-0.075307 -0.124189 0.000284 0.000151 0.000000 0.000000 0.000000 0.000000 
-0.075939 -0.124499 0.000175 0.000329 0.000000 0.000000 0.000000 0.000000 
-0.079413 -0.123422 0.000156 0.000098 0.000000 0.000000 0.000000 0.000000 
-0.079057 -0.128587 0.000179 0.000151 0.000000 0.000000 0.000000 0.000000 
-0.081451 -0.125727 -0.000049 0.000314 0.000000 0.000000 0.000000 0.000000 
-0.082227 -0.127927 0.000049 0.000269 0.000000 0.000000 0.000000 0.000000 
-0.082104 -0.124485 0.000432 0.000246 0.000000 0.000000 0.000000 0.000000 
-0.081270 -0.128908 0.000310 0.000107 0.000000 0.000000 0.000000 0.000000 
-0.083674 -0.127792 0.000394 0.000240 0.000000 0.000000 0.000000 0.000000 
-0.084001 -0.125541 0.000354 0.000352 0.000000 0.000000 0.000000 0.000000 
-0.084180 -0.125072 0.000405 0.000077 0.000000 0.000000 0.000000 0.000000 
-0.085163 -0.126572 0.000279 0.000114 0.000000 0.000000 0.000000 0.000000 
-0.085167 -0.125011 0.000303 0.000128 0.000000 0.000000 0.000000 0.000000 
-0.085641 -0.124441 0.000406 0.000007 0.000000 0.000000 0.000000 0.000000 
-0.088426 -0.122559 0.000260 0.000063 0.000000 0.000000 0.000000 0.000000 
-0.088856 -0.120464 0.000322 -0.000074 0.000000 0.000000 0.000000 0.000000 
-0.090218 -0.119021 0.000277 -0.000012 0.000000 0.000000 0.000000 0.000000 
-0.086989 -0.120828 0.000172 0.000024 0.000000 0.000000 0.000000 0.000000 
-0.089111 -0.118113 0.000193 0.000000 0.000000 0.000000 0.000000 0.000000 
-0.087835 -0.118168 0.000221 0.000029 0.000000 0.000000 0.000000 0.000000 
-0.089363 -0.117006 0.000217 0.000013 0.000000 0.000000 0.000000 0.000000 
-0.089430 -0.115488 0.000148 0.000009 0.000000 0.000000 0.000000 0.000000 
-0.090873 -0.112841 0.000097 0.000005 0.000000 0.000000 0.000000 0.000000 
-0.089872 -0.112329 0.000211 0.000116 0.000000 0.000000 0.000000 0.000000 
-0.089698 -0.112136 0.000061 -0.000055 0.000000 0.000000 0.000000 0.000000 
-0.090821 -0.109949 0.000112 -0.000166 0.000000 0.000000 0.000000 0.000000 
-0.088714 -0.109512 0.000148 0.000087 0.000000 0.000000 0.000000 0.000000 
-0.090214 -0.107864 -0.000070 -0.000156 0.000000 0.000000 0.000000 0.000000 
-0.088191 -0.106782 -0.000075 -0.000238 0.000000 0.000000 0.000000 0.000000 
-0.088517 -0.103687 0.000150 0.000010 0.000000 0.000000 0.000000 0.000000 
-0.087723 -0.102527 -0.000119 -0.000148 0.000000 0.000000 0.000000 0.000000 
-0.087753 -0.100162 0.000072 -0.000054 0.000000 0.000000 0.000000 0.000000 
-0.087867 -0.098168 0.000045 0.000037 0.000000 0.000000 0.000000 0.000000 
-0.089264 -0.097000 0.000124 -0.000323 0.000000 0.000000 0.000000 0.000000 
open1
1.278956 -0.115877 -0.000003 -0.000127 0.000000 0.000000 0.000000 0.000000 
1.076534 -0.124901 -0.000052 -0.000038 0.000000 0.000000 0.000000 0.000000 
1.049756 -0.140855 0.000051 -0.000039 0.000000 0.000000 0.000000 0.000000 
1.036380 -0.165681 -0.000007 -0.000016 0.000000 0.000000 0.000000 0.000000 
1.025694 -0.193603 0.000014 0.000007 0.000000 0.000000 0.000000 0.000000 
1.015406 -0.223218 -0.000015 -0.000047 0.000000 0.000000 0.000000 0.000000 
1.004981 -0.252594 -0.000000 -0.000004 0.000000 0.000000 0.000000 0.000000 
0.994152 -0.281928 0.000084 -0.000036 0.000000 0.000000 0.000000 0.000000 
0.982487 -0.310945 0.000029 -0.000028 0.000000 0.000000 0.000000 0.000000 
0.966601 -0.337521 -0.000015 -0.000010 0.000000 0.000000 0.000000 0.000000 
0.952245 -0.365781 -0.000017 -0.000001 0.000000 0.000000 0.000000 0.000000 
0.939188 -0.392439 -0.000007 0.000001 0.000000 0.000000 0.000000 0.000000 
0.924413 -0.419816 -0.000020 -0.000011 0.000000 0.000000 0.000000 0.000000 
0.909506 -0.445880 -0.000033 -0.000000 0.000000 0.000000 0.000000 0.000000 
0.893972 -0.471747 0.000015 -0.000016 0.000000 0.000000 0.000000 0.000000 
0.877844 -0.498028 0.000005 -0.000001 0.000000 0.000000 0.000000 0.000000 
0.861803 -0.522523 -0.000011 -0.000005 0.000000 0.000000 0.000000 0.000000 
0.844650 -0.547143 0.000005 -0.000008 0.000000 0.000000 0.000000 0.000000 
0.827313 -0.571492 -0.000004 -0.000010 0.000000 0.000000 0.000000 0.000000 
0.809278 -0.594682 0.000000 0.000018 0.000000 0.000000 0.000000 0.000000 
0.790147 -0.619048 0.000009 0.000007 0.000000 0.000000 0.000000 0.000000 
0.770785 -0.641033 0.000019 -0.000011 0.000000 0.000000 0.000000 0.000000 
0.751519 -0.662409 -0.000007 -0.000007 0.000000 0.000000 0.000000 0.000000 
0.730622 -0.685461 -0.000005 -0.000023 0.000000 0.000000 0.000000 0.000000 
0.709535 -0.706950 -0.000010 0.000006 0.000000 0.000000 0.000000 0.000000 
0.688644 -0.727484 0.000012 0.000009 0.000000 0.000000 0.000000 0.000000 
0.666216 -0.748475 -0.000018 -0.000002 0.000000 0.000000 0.000000 0.000000 
0.642780 -0.767891 -0.000008 0.000006 0.000000 0.000000 0.000000 0.000000 
0.618779 -0.787841 -0.000027 -0.000021 0.000000 0.000000 0.000000 0.000000 
0.595978 -0.805566 0.000002 -0.000013 0.000000 0.000000 0.000000 0.000000 
0.569497 -0.825329 0.000005 0.000017 0.000000 0.000000 0.000000 0.000000 
0.543038 -0.843325 0.000006 0.000001 0.000000 0.000000 0.000000 0.000000 
0.517565 -0.860561 -0.000004 -0.000031 0.000000 0.000000 0.000000 0.000000 
0.488396 -0.877277 -0.000016 -0.000040 0.000000 0.000000 0.000000 0.000000 
0.459752 -0.893229 0.000004 -0.000006 0.000000 0.000000 0.000000 0.000000 
0.429828 -0.908796 -0.000028 0.000008 0.000000 0.000000 0.000000 0.000000 
0.402322 -0.921769 0.000014 0.000013 0.000000 0.000000 0.000000 0.000000 
0.369949 -0.935872 -0.000026 -0.000001 0.000000 0.000000 0.000000 0.000000 
0.338013 -0.948768 0.000015 -0.000014 0.000000 0.000000 0.000000 0.000000 
0.305762 -0.959819 0.000001 0.000041 0.000000 0.000000 0.000000 0.000000 
0.269678 -0.968295 -0.000008 -0.000031 0.000000 0.000000 0.000000 0.000000 
0.240157 -0.976046 -0.000010 -0.000022 0.000000 0.000000 0.000000 0.000000 
0.205079 -0.982364 -0.000019 0.000007 0.000000 0.000000 0.000000 0.000000 
0.168472 -0.989799 0.000018 -0.000022 0.000000 0.000000 0.000000 0.000000 
0.128225 -0.992884 0.000016 -0.000028 0.000000 0.000000 0.000000 0.000000 
0.093040 -0.994977 0.000010 0.000028 0.000000 0.000000 0.000000 0.000000 
0.057848 -0.995110 0.000039 0.000001 0.000000 0.000000 0.000000 0.000000 
0.018832 -0.993449 0.000005 0.000018 0.000000 0.000000 0.000000 0.000000 
-0.014636 -0.988163 -0.000001 0.000036 0.000000 0.000000 0.000000 0.000000 
-0.052603 -0.981192 -0.000012 -0.000024 0.000000 0.000000 0.000000 0.000000 
-0.089756 -0.972073 0.000017 0.000044 0.000000 0.000000 0.000000 0.000000 
-0.123105 -0.962149 -0.000008 0.000032 0.000000 0.000000 0.000000 0.000000 
-0.157609 -0.949953 0.000018 0.000025 0.000000 0.000000 0.000000 0.000000 
-0.184598 -0.936238 0.000012 0.000028 0.000000 0.000000 0.000000 0.000000 
-0.219362 -0.921637 -0.000022 0.000028 0.000000 0.000000 0.000000 0.000000 
-0.245586 -0.905362 0.000016 0.000036 0.000000 0.000000 0.000000 0.000000 
-0.276384 -0.886356 -0.000020 0.000014 0.000000 0.000000 0.000000 0.000000 
-0.296111 -0.871888 -0.000015 0.000027 0.000000 0.000000 0.000000 0.000000 
-0.324608 -0.852966 -0.000001 -0.000038 0.000000 0.000000 0.000000 0.000000 
-0.349233 -0.833243 -0.000032 -0.000013 0.000000 0.000000 0.000000 0.000000 
-0.367888 -0.815149 0.000049 0.000032 0.000000 0.000000 0.000000 0.000000 
-0.388986 -0.799809 0.000013 0.000006 0.000000 0.000000 0.000000 0.000000 
-0.408469 -0.780066 -0.000022 -0.000025 0.000000 0.000000 0.000000 0.000000 
-0.426109 -0.763195 0.000002 -0.000036 0.000000 0.000000 0.000000 0.000000 
-0.447493 -0.744907 0.000032 0.000026 0.000000 0.000000 0.000000 0.000000 
-0.462549 -0.729125 0.000037 -0.000034 0.000000 0.000000 0.000000 0.000000 
-0.482106 -0.710374 0.000029 0.000026 0.000000 0.000000 0.000000 0.000000 
-0.498821 -0.692959 0.000040 0.000046 0.000000 0.000000 0.000000 0.000000 
-0.512468 -0.676892 0.000014 -0.000055 0.000000 0.000000 0.000000 0.000000 
-0.529270 -0.661460 -0.000013 0.000002 0.000000 0.000000 0.000000 0.000000 
-0.547739 -0.643034 -0.000000 0.000008 0.000000 0.000000 0.000000 0.000000 
-0.563308 -0.625304 0.000026 -0.000002 0.000000 0.000000 0.000000 0.000000 
-0.579429 -0.607342 0.000021 -0.000022 0.000000 0.000000 0.000000 0.000000 
-0.593744 -0.590829 0.000011 -0.000031 0.000000 0.000000 0.000000 0.000000 
-0.609913 -0.573743 0.000018 -0.000000 0.000000 0.000000 0.000000 0.000000 
-0.624116 -0.555423 0.000018 0.000000 0.000000 0.000000 0.000000 0.000000 
-0.638961 -0.535961 0.000025 -0.000008 0.000000 0.000000 0.000000 0.000000 
-0.654576 -0.514632 0.000011 -0.000031 0.000000 0.000000 0.000000 0.000000 
-0.670958 -0.497889 0.000046 0.000020 0.000000 0.000000 0.000000 0.000000 
-0.684360 -0.477928 -0.000029 0.000014 0.000000 0.000000 0.000000 0.000000 
-0.702481 -0.455572 -0.000030 0.000016 0.000000 0.000000 0.000000 0.000000 
-0.716201 -0.433667 -0.000016 0.000041 0.000000 0.000000 0.000000 0.000000 
-0.729241 -0.414309 -0.000004 0.000033 0.000000 0.000000 0.000000 0.000000 
-0.745629 -0.388648 -0.000004 0.000016 0.000000 0.000000 0.000000 0.000000 
-0.757238 -0.366942 0.000047 -0.000013 0.000000 0.000000 0.000000 0.000000 
-0.770345 -0.346338 0.000077 0.000030 0.000000 0.000000 0.000000 0.000000 
-0.782646 -0.322408 0.000054 -0.000009 0.000000 0.000000 0.000000 0.000000 
-0.796623 -0.293577 0.000072 0.000051 0.000000 0.000000 0.000000 0.000000 
-0.809074 -0.264608 0.000007 0.000056 0.000000 0.000000 0.000000 0.000000 
-0.820419 -0.238536 0.000059 -0.000017 0.000000 0.000000 0.000000 0.000000 
-0.830833 -0.213412 -0.000002 0.000033 0.000000 0.000000 0.000000 0.000000 
-0.840611 -0.186079 0.000016 -0.000023 0.000000 0.000000 0.000000 0.000000 
-0.849869 -0.152234 0.000125 0.000088 0.000000 0.000000 0.000000 0.000000 
-0.858277 -0.124991 0.000043 -0.000001 0.000000 0.000000 0.000000 0.000000 
-0.864993 -0.089059 0.000003 0.000001 0.000000 0.000000 0.000000 0.000000 
-0.871482 -0.055248 0.000052 0.000128 0.000000 0.000000 0.000000 0.000000 
-0.875678 -0.022734 0.000115 0.000106 0.000000 0.000000 0.000000 0.000000 
-0.877778 0.008680 0.000185 0.000002 0.000000 0.000000 0.000000 0.000000 
-0.880066 0.044091 0.000018 0.000120 0.000000 0.000000 0.000000 0.000000 
-0.879973 0.080336 0.000043 0.000024 0.000000 0.000000 0.000000 0.000000 
-0.875636 0.118257 0.000063 0.000110 0.000000 0.000000 0.000000 0.000000 
-0.871584 0.152149 0.000051 0.000033 0.000000 0.000000 0.000000 0.000000 
-0.864153 0.190318 0.000062 0.000040 0.000000 0.000000 0.000000 0.000000 
-0.858743 0.217795 0.000038 0.000034 0.000000 0.000000 0.000000 0.000000 
-0.847051 0.256082 0.000056 0.000057 0.000000 0.000000 0.000000 0.000000 
-0.833322 0.295362 0.000098 0.000057 0.000000 0.000000 0.000000 0.000000 
-0.821082 0.322455 0.000052 0.000017 0.000000 0.000000 0.000000 0.000000 
-0.804618 0.358861 0.000086 0.000079 0.000000 0.000000 0.000000 0.000000 
-0.784559 0.391341 0.000088 0.000049 0.000000 0.000000 0.000000 0.000000 
-0.766921 0.418983 -0.000070 0.000157 0.000000 0.000000 0.000000 0.000000 
-0.745391 0.448499 0.000089 0.000163 0.000000 0.000000 0.000000 0.000000 
-0.726963 0.470827 0.000056 0.000086 0.000000 0.000000 0.000000 0.000000 
-0.702466 0.497858 0.000055 0.000085 0.000000 0.000000 0.000000 0.000000 
-0.680359 0.521580 0.000060 0.000087 0.000000 0.000000 0.000000 0.000000 
-0.657772 0.541388 0.000021 0.000095 0.000000 0.000000 0.000000 0.000000 
-0.639521 0.561036 0.000014 0.000218 0.000000 0.000000 0.000000 0.000000 
-0.615758 0.579613 0.000044 0.000146 0.000000 0.000000 0.000000 0.000000 
-0.590787 0.600592 0.000165 0.000235 0.000000 0.000000 0.000000 0.000000 
-0.570336 0.614271 0.000134 0.000250 0.000000 0.000000 0.000000 0.000000 
-0.548867 0.632843 0.000156 0.000282 0.000000 0.000000 0.000000 0.000000 
-0.528292 0.648072 0.000153 0.000092 0.000000 0.000000 0.000000 0.000000 
-0.504913 0.662906 0.000218 0.000144 0.000000 0.000000 0.000000 0.000000 
-0.481967 0.676648 0.000190 0.000195 0.000000 0.000000 0.000000 0.000000 
-0.463104 0.693384 0.000163 0.000121 0.000000 0.000000 0.000000 0.000000 
-0.442272 0.706359 0.000204 0.000211 0.000000 0.000000 0.000000 0.000000 
-0.423925 0.718411 0.000258 0.000141 0.000000 0.000000 0.000000 0.000000 
-0.402829 0.732402 0.000208 0.000028 0.000000 0.000000 0.000000 0.000000 
-0.377972 0.746535 0.000221 0.000120 0.000000 0.000000 0.000000 0.000000 
-0.358430 0.759641 0.000275 0.000024 0.000000 0.000000 0.000000 0.000000 
-0.337039 0.772033 0.000224 0.000058 0.000000 0.000000 0.000000 0.000000 
-0.309513 0.788496 0.000252 0.000043 0.000000 0.000000 0.000000 0.000000 
-0.285840 0.802586 0.000239 0.000054 0.000000 0.000000 0.000000 0.000000 
-0.268924 0.811597 0.000224 0.000040 0.000000 0.000000 0.000000 0.000000 
-0.250271 0.823609 0.000171 0.000071 0.000000 0.000000 0.000000 0.000000 
-0.225736 0.833920 0.000300 -0.000071 0.000000 0.000000 0.000000 0.000000 
-0.185984 0.850790 0.000116 -0.000123 0.000000 0.000000 0.000000 0.000000 
-0.165902 0.860956 0.000236 0.000024 0.000000 0.000000 0.000000 0.000000 
-0.146251 0.870237 0.000167 -0.000061 0.000000 0.000000 0.000000 0.000000 
-0.110376 0.880397 0.000243 -0.000035 0.000000 0.000000 0.000000 0.000000 
-0.086454 0.890514 0.000143 -0.000088 0.000000 0.000000 0.000000 0.000000 
-0.059840 0.901710 0.000114 -0.000105 0.000000 0.000000 0.000000 0.000000 
-0.022939 0.906535 0.000134 0.000025 0.000000 0.000000 0.000000 0.000000 
0.001774 0.913952 0.000227 -0.000185 0.000000 0.000000 0.000000 0.000000 
0.026512 0.922295 0.000251 -0.000155 0.000000 0.000000 0.000000 0.000000 
0.050912 0.930159 0.000244 -0.000009 0.000000 0.000000 0.000000 0.000000 
0.091608 0.934864 0.000138 -0.000115 0.000000 0.000000 0.000000 0.000000 
0.122738 0.936878 0.000152 0.000029 0.000000 0.000000 0.000000 0.000000 
0.161348 0.940119 0.000102 0.000028 0.000000 0.000000 0.000000 0.000000 
0.187186 0.945482 0.000190 -0.000114 0.000000 0.000000 0.000000 0.000000 
0.226331 0.947998 0.000185 -0.000001 0.000000 0.000000 0.000000 0.000000 
0.254228 0.943948 0.000309 -0.000105 0.000000 0.000000 0.000000 0.000000 
0.278304 0.951636 0.000364 -0.000087 0.000000 0.000000 0.000000 0.000000 
0.321734 0.948699 0.000378 -0.000104 0.000000 0.000000 0.000000 0.000000 
0.353934 0.946474 0.000314 -0.000085 0.000000 0.000000 0.000000 0.000000 
0.389061 0.937590 0.000339 -0.000092 0.000000 0.000000 0.000000 0.000000 
0.419095 0.939801 0.000342 -0.000130 0.000000 0.000000 0.000000 0.000000 
0.467810 0.921514 0.000370 -0.000154 0.000000 0.000000 0.000000 0.000000 
0.499454 0.912205 0.000363 -0.000203 0.000000 0.000000 0.000000 0.000000 
0.532721 0.899472 0.000475 -0.000289 0.000000 0.000000 0.000000 0.000000 
0.567648 0.879852 0.000489 -0.000377 0.000000 0.000000 0.000000 0.000000 
0.598562 0.864193 0.000457 -0.000488 0.000000 0.000000 0.000000 0.000000 
0.624077 0.846444 0.000353 -0.000340 0.000000 0.000000 0.000000 0.000000 
0.657816 0.830035 0.000174 -0.000644 0.000000 0.000000 0.000000 0.000000 
0.692825 0.811481 -0.000157 -0.000456 0.000000 0.000000 0.000000 0.000000 
0.717328 0.787760 -0.000183 -0.000202 0.000000 0.000000 0.000000 0.000000 
0.738330 0.776694 -0.000031 -0.000043 0.000000 0.000000 0.000000 0.000000 
0.768780 0.741843 -0.000089 0.000038 0.000000 0.000000 0.000000 0.000000 
0.797775 0.714191 -0.000020 0.000183 0.000000 0.000000 0.000000 0.000000 
0.814078 0.690580 0.000198 0.000007 0.000000 0.000000 0.000000 0.000000 
0.841874 0.660141 -0.000036 0.000195 0.000000 0.000000 0.000000 0.000000 
0.852574 0.639753 0.000076 0.000120 0.000000 0.000000 0.000000 0.000000 
0.871753 0.616015 0.000160 0.000245 0.000000 0.000000 0.000000 0.000000 
0.890284 0.590490 0.000327 0.000175 0.000000 0.000000 0.000000 0.000000 
0.904602 0.555527 0.000314 0.000213 0.000000 0.000000 0.000000 0.000000 
0.918352 0.532754 0.000225 0.000044 0.000000 0.000000 0.000000 0.000000 
0.935866 0.501436 0.000396 0.000121 0.000000 0.000000 0.000000 0.000000 
0.935970 0.482707 0.000375 0.000253 0.000000 0.000000 0.000000 0.000000 
0.953087 0.452150 0.000261 -0.000021 0.000000 0.000000 0.000000 0.000000 
0.960947 0.428384 0.000232 0.000095 0.000000 0.000000 0.000000 0.000000 
0.965005 0.405911 0.000189 -0.000033 0.000000 0.000000 0.000000 0.000000 
0.979172 0.366047 0.000257 0.000045 0.000000 0.000000 0.000000 0.000000 
0.985752 0.347348 0.000203 0.000040 0.000000 0.000000 0.000000 0.000000 
0.993458 0.315065 0.000177 -0.000090 0.000000 0.000000 0.000000 0.000000 
0.998838 0.291253 0.000013 0.000003 0.000000 0.000000 0.000000 0.000000 
1.002894 0.258488 0.000081 -0.000001 0.000000 0.000000 0.000000 0.000000 
1.007310 0.222498 0.000000 0.000104 0.000000 0.000000 0.000000 0.000000 
1.009620 0.192922 0.000126 0.000019 0.000000 0.000000 0.000000 0.000000 
1.012080 0.171526 0.000077 0.000135 0.000000 0.000000 0.000000 0.000000 
1.010854 0.138918 0.000199 -0.000008 0.000000 0.000000 0.000000 0.000000 
1.007782 0.117296 0.000064 0.000230 0.000000 0.000000 0.000000 0.000000 
1.006659 0.076157 0.000114 0.000256 0.000000 0.000000 0.000000 0.000000 
1.005032 0.049129 0.000154 -0.000128 0.000000 0.000000 0.000000 0.000000 
1.001088 0.027203 0.000003 -0.000154 0.000000 0.000000 0.000000 0.000000 
0.995850 -0.003167 0.000251 -0.000062 0.000000 0.000000 0.000000 0.000000 
0.991623 -0.031510 0.000174 0.000100 0.000000 0.000000 0.000000 0.000000 
0.981838 -0.065657 -0.000021 0.000117 0.000000 0.000000 0.000000 0.000000 
0.971493 -0.097971 0.000025 0.000079 0.000000 0.000000 0.000000 0.000000 
0.961853 -0.128402 0.000054 0.000080 0.000000 0.000000 0.000000 0.000000 
0.949838 -0.156537 -0.000132 -0.000237 0.000000 0.000000 0.000000 0.000000 
0.941734 -0.173826 -0.000115 -0.000145 0.000000 0.000000 0.000000 0.000000 
0.917776 -0.221095 0.000278 -0.000364 0.000000 0.000000 0.000000 0.000000 
short1
-1.130670 0.121800 -0.000060 -0.000025 0.000000 0.000000 0.000000 0.000000 
-0.942957 0.105720 0.000023 -0.000036 0.000000 0.000000 0.000000 0.000000 
-0.920401 0.105744 -0.000004 0.000002 0.000000 0.000000 0.000000 0.000000 
-0.913371 0.116650 -0.000025 -0.000014 0.000000 0.000000 0.000000 0.000000 
-0.910312 0.132604 -0.000010 0.000003 0.000000 0.000000 0.000000 0.000000 
-0.909361 0.152358 -0.000014 0.000003 0.000000 0.000000 0.000000 0.000000 
-0.909390 0.173698 0.000004 -0.000007 0.000000 0.000000 0.000000 0.000000 
-0.908710 0.197744 -0.000044 -0.000045 0.000000 0.000000 0.000000 0.000000 
-0.909177 0.222917 -0.000037 0.000012 0.000000 0.000000 0.000000 0.000000 
-0.896707 0.242396 0.000004 0.000008 0.000000 0.000000 0.000000 0.000000 
-0.895956 0.269138 -0.000017 0.000013 0.000000 0.000000 0.000000 0.000000 
-0.893301 0.297536 0.000007 0.000009 0.000000 0.000000 0.000000 0.000000 
-0.889215 0.327601 0.000011 0.000028 0.000000 0.000000 0.000000 0.000000 
-0.883189 0.358337 -0.000002 0.000014 0.000000 0.000000 0.000000 0.000000 
-0.876299 0.389594 -0.000016 -0.000017 0.000000 0.000000 0.000000 0.000000 
-0.866808 0.420733 0.000007 0.000017 0.000000 0.000000 0.000000 0.000000 
-0.855679 0.451156 -0.000023 0.000019 0.000000 0.000000 0.000000 0.000000 
-0.842238 0.483304 -0.000025 -0.000015 0.000000 0.000000 0.000000 0.000000 
-0.826836 0.514071 0.000026 0.000003 0.000000 0.000000 0.000000 0.000000 
-0.810348 0.545727 -0.000021 -0.000023 0.000000 0.000000 0.000000 0.000000 
-0.791455 0.575102 -0.000030 0.000008 0.000000 0.000000 0.000000 0.000000 
-0.771250 0.604324 -0.000027 0.000002 0.000000 0.000000 0.000000 0.000000 
-0.748981 0.632790 0.000011 0.000005 0.000000 0.000000 0.000000 0.000000 
-0.726315 0.659925 0.000006 0.000015 0.000000 0.000000 0.000000 0.000000 
-0.700723 0.686104 -0.000023 -0.000012 0.000000 0.000000 0.000000 0.000000 
-0.674832 0.711595 0.000014 -0.000032 0.000000 0.000000 0.000000 0.000000 
-0.648376 0.733955 -0.000009 -0.000000 0.000000 0.000000 0.000000 0.000000 
-0.619710 0.756554 -0.000011 -0.000041 0.000000 0.000000 0.000000 0.000000 
-0.589601 0.777166 -0.000020 0.000015 0.000000 0.000000 0.000000 0.000000 
-0.559590 0.796370 -0.000002 0.000020 0.000000 0.000000 0.000000 0.000000 
-0.526983 0.814094 -0.000021 -0.000021 0.000000 0.000000 0.000000 0.000000 
-0.496538 0.829517 0.000011 -0.000014 0.000000 0.000000 0.000000 0.000000 
-0.464317 0.843965 0.000013 0.000013 0.000000 0.000000 0.000000 0.000000 
-0.430409 0.857162 -0.000052 0.000004 0.000000 0.000000 0.000000 0.000000 
-0.396908 0.868324 0.000038 -0.000024 0.000000 0.000000 0.000000 0.000000 
-0.363558 0.877778 0.000024 -0.000047 0.000000 0.000000 0.000000 0.000000 
-0.330895 0.885433 0.000013 0.000049 0.000000 0.000000 0.000000 0.000000 
-0.297773 0.891008 -0.000036 -0.000003 0.000000 0.000000 0.000000 0.000000 
-0.263850 0.895432 -0.000012 -0.000024 0.000000 0.000000 0.000000 0.000000 
-0.231311 0.898854 -0.000015 -0.000018 0.000000 0.000000 0.000000 0.000000 
-0.201059 0.900871 0.000013 -0.000030 0.000000 0.000000 0.000000 0.000000 
-0.164616 0.900859 0.000039 0.000028 0.000000 0.000000 0.000000 0.000000 
-0.135727 0.898018 -0.000018 0.000034 0.000000 0.000000 0.000000 0.000000 
-0.101985 0.898095 -0.000013 -0.000008 0.000000 0.000000 0.000000 0.000000 
-0.075146 0.894827 0.000009 -0.000022 0.000000 0.000000 0.000000 0.000000 
-0.041910 0.890594 0.000012 -0.000020 0.000000 0.000000 0.000000 0.000000 
-0.015177 0.886273 0.000007 0.000010 0.000000 0.000000 0.000000 0.000000 
0.014445 0.880542 -0.000022 0.000029 0.000000 0.000000 0.000000 0.000000 
0.040638 0.874563 0.000037 0.000014 0.000000 0.000000 0.000000 0.000000 
0.066903 0.867793 0.000002 -0.000032 0.000000 0.000000 0.000000 0.000000 
0.091553 0.860270 0.000018 0.000008 0.000000 0.000000 0.000000 0.000000 
0.117300 0.851681 -0.000004 -0.000041 0.000000 0.000000 0.000000 0.000000 
0.142709 0.845255 -0.000018 -0.000028 0.000000 0.000000 0.000000 0.000000 
0.168507 0.839157 0.000026 -0.000011 0.000000 0.000000 0.000000 0.000000 
0.195957 0.829254 0.000034 -0.000004 0.000000 0.000000 0.000000 0.000000 
0.217209 0.822089 0.000036 0.000019 0.000000 0.000000 0.000000 0.000000 
0.243829 0.811734 -0.000013 -0.000023 0.000000 0.000000 0.000000 0.000000 
0.265850 0.805184 0.000004 0.000026 0.000000 0.000000 0.000000 0.000000 
0.293041 0.794614 0.000013 -0.000046 0.000000 0.000000 0.000000 0.000000 
0.318774 0.783814 0.000040 -0.000005 0.000000 0.000000 0.000000 0.000000 
0.341484 0.775652 -0.000005 0.000023 0.000000 0.000000 0.000000 0.000000 
0.367533 0.764318 0.000031 0.000020 0.000000 0.000000 0.000000 0.000000 
0.394793 0.751465 -0.000034 -0.000007 0.000000 0.000000 0.000000 0.000000 
0.420926 0.737557 -0.000004 0.000006 0.000000 0.000000 0.000000 0.000000 
0.445376 0.725007 0.000040 0.000022 0.000000 0.000000 0.000000 0.000000 
0.470617 0.711028 0.000028 0.000020 0.000000 0.000000 0.000000 0.000000 
0.498310 0.694390 -0.000007 -0.000042 0.000000 0.000000 0.000000 0.000000 
0.525797 0.675096 0.000032 0.000002 0.000000 0.000000 0.000000 0.000000 
0.550906 0.656906 -0.000005 -0.000025 0.000000 0.000000 0.000000 0.000000 
0.575201 0.634827 -0.000041 -0.000000 0.000000 0.000000 0.000000 0.000000 
0.599227 0.612031 0.000004 -0.000043 0.000000 0.000000 0.000000 0.000000 
0.619501 0.592205 0.000019 0.000020 0.000000 0.000000 0.000000 0.000000 
0.639828 0.569260 0.000033 -0.000060 0.000000 0.000000 0.000000 0.000000 
0.663176 0.543338 0.000011 -0.000065 0.000000 0.000000 0.000000 0.000000 
0.682489 0.521034 0.000037 -0.000030 0.000000 0.000000 0.000000 0.000000 
0.702905 0.493901 -0.000032 -0.000013 0.000000 0.000000 0.000000 0.000000 
0.720872 0.466043 -0.000031 0.000016 0.000000 0.000000 0.000000 0.000000 
0.740025 0.434958 0.000021 -0.000044 0.000000 0.000000 0.000000 0.000000 
0.756884 0.412092 0.000012 0.000011 0.000000 0.000000 0.000000 0.000000 
0.771553 0.380915 -0.000029 -0.000021 0.000000 0.000000 0.000000 0.000000 
0.787053 0.347990 0.000043 0.000007 0.000000 0.000000 0.000000 0.000000 
0.799466 0.317085 0.000003 -0.000053 0.000000 0.000000 0.000000 0.000000 
0.809106 0.289548 0.000035 -0.000015 0.000000 0.000000 0.000000 0.000000 
0.819972 0.257585 0.000025 0.000005 0.000000 0.000000 0.000000 0.000000 
0.829455 0.221627 0.000024 -0.000018 0.000000 0.000000 0.000000 0.000000 
0.837365 0.191975 -0.000006 0.000005 0.000000 0.000000 0.000000 0.000000 
0.843983 0.158688 -0.000042 -0.000017 0.000000 0.000000 0.000000 0.000000 
0.848816 0.121642 0.000032 -0.000012 0.000000 0.000000 0.000000 0.000000 
0.852597 0.089689 0.000086 -0.000074 0.000000 0.000000 0.000000 0.000000 
0.854614 0.061884 -0.000008 -0.000018 0.000000 0.000000 0.000000 0.000000 
0.856200 0.030004 -0.000012 0.000023 0.000000 0.000000 0.000000 0.000000 
0.856559 -0.002352 -0.000019 0.000016 0.000000 0.000000 0.000000 0.000000 
0.856940 -0.033870 0.000029 -0.000028 0.000000 0.000000 0.000000 0.000000 
0.854444 -0.061321 0.000015 0.000008 0.000000 0.000000 0.000000 0.000000 
0.853504 -0.095285 0.000040 0.000002 0.000000 0.000000 0.000000 0.000000 
0.848585 -0.129312 -0.000045 -0.000046 0.000000 0.000000 0.000000 0.000000 
0.845129 -0.160630 0.000001 0.000005 0.000000 0.000000 0.000000 0.000000 
0.839416 -0.194137 0.000015 0.000023 0.000000 0.000000 0.000000 0.000000 
0.834238 -0.218696 -0.000038 0.000004 0.000000 0.000000 0.000000 0.000000 
0.825656 -0.249951 0.000042 0.000089 0.000000 0.000000 0.000000 0.000000 
0.818495 -0.278313 -0.000043 -0.000032 0.000000 0.000000 0.000000 0.000000 
0.810791 -0.310475 0.000060 0.000025 0.000000 0.000000 0.000000 0.000000 
0.800694 -0.340638 -0.000015 -0.000005 0.000000 0.000000 0.000000 0.000000 
0.788418 -0.373652 0.000016 -0.000077 0.000000 0.000000 0.000000 0.000000 
0.779521 -0.397562 -0.000037 0.000005 0.000000 0.000000 0.000000 0.000000 
0.768238 -0.429455 -0.000010 -0.000070 0.000000 0.000000 0.000000 0.000000 
0.755886 -0.457376 -0.000028 -0.000086 0.000000 0.000000 0.000000 0.000000 
0.741823 -0.490194 -0.000084 -0.000074 0.000000 0.000000 0.000000 0.000000 
0.726508 -0.516959 -0.000059 -0.000007 0.000000 0.000000 0.000000 0.000000 
0.712466 -0.545838 -0.000146 -0.000049 0.000000 0.000000 0.000000 0.000000 
0.693386 -0.572683 -0.000148 -0.000071 0.000000 0.000000 0.000000 0.000000 
0.675840 -0.602089 -0.000140 0.000074 0.000000 0.000000 0.000000 0.000000 
0.658030 -0.627784 -0.000166 0.000070 0.000000 0.000000 0.000000 0.000000 
0.635477 -0.656664 -0.000160 0.000126 0.000000 0.000000 0.000000 0.000000 
0.615851 -0.682033 -0.000094 0.000073 0.000000 0.000000 0.000000 0.000000 
0.592673 -0.709095 -0.000085 0.000111 0.000000 0.000000 0.000000 0.000000 
0.566299 -0.735657 -0.000068 0.000094 0.000000 0.000000 0.000000 0.000000 
0.545976 -0.756304 -0.000073 0.000112 0.000000 0.000000 0.000000 0.000000 
0.512920 -0.781380 -0.000059 0.000180 0.000000 0.000000 0.000000 0.000000 
0.492572 -0.802264 -0.000106 0.000199 0.000000 0.000000 0.000000 0.000000 
0.459422 -0.824844 -0.000108 0.000177 0.000000 0.000000 0.000000 0.000000 
0.435740 -0.841113 -0.000004 0.000170 0.000000 0.000000 0.000000 0.000000 
0.404381 -0.856557 -0.000017 0.000174 0.000000 0.000000 0.000000 0.000000 
0.377585 -0.877784 0.000012 0.000083 0.000000 0.000000 0.000000 0.000000 
0.349602 -0.889088 0.000034 0.000153 0.000000 0.000000 0.000000 0.000000 
0.320035 -0.904508 0.000001 0.000037 0.000000 0.000000 0.000000 0.000000 
0.283516 -0.920465 0.000006 0.000025 0.000000 0.000000 0.000000 0.000000 
0.253832 -0.927891 -0.000019 0.000033 0.000000 0.000000 0.000000 0.000000 
0.224793 -0.940566 -0.000010 -0.000016 0.000000 0.000000 0.000000 0.000000 
0.195185 -0.947670 -0.000002 0.000082 0.000000 0.000000 0.000000 0.000000 
0.166309 -0.956990 -0.000042 0.000001 0.000000 0.000000 0.000000 0.000000 
0.133100 -0.963950 -0.000031 0.000035 0.000000 0.000000 0.000000 0.000000 
0.105640 -0.971044 0.000077 -0.000022 0.000000 0.000000 0.000000 0.000000 
0.079168 -0.974562 -0.000054 0.000053 0.000000 0.000000 0.000000 0.000000 
0.050431 -0.980998 -0.000009 -0.000025 0.000000 0.000000 0.000000 0.000000 
0.018094 -0.984392 0.000009 -0.000124 0.000000 0.000000 0.000000 0.000000 
-0.011085 -0.988862 0.000044 -0.000075 0.000000 0.000000 0.000000 0.000000 
-0.032345 -0.990490 -0.000064 -0.000090 0.000000 0.000000 0.000000 0.000000 
-0.063927 -0.994459 0.000044 -0.000120 0.000000 0.000000 0.000000 0.000000 
-0.090839 -0.993679 0.000057 -0.000143 0.000000 0.000000 0.000000 0.000000 
-0.121980 -0.995438 0.000003 -0.000150 0.000000 0.000000 0.000000 0.000000 
-0.147963 -0.994939 0.000024 -0.000135 0.000000 0.000000 0.000000 0.000000 
-0.170845 -0.993511 0.000049 -0.000141 0.000000 0.000000 0.000000 0.000000 
-0.197042 -0.993160 0.000003 -0.000165 0.000000 0.000000 0.000000 0.000000 
-0.215740 -0.990018 -0.000039 -0.000085 0.000000 0.000000 0.000000 0.000000 
-0.248891 -0.986782 -0.000076 -0.000163 0.000000 0.000000 0.000000 0.000000 
-0.268422 -0.987360 -0.000025 -0.000175 0.000000 0.000000 0.000000 0.000000 
-0.296773 -0.985004 -0.000002 -0.000063 0.000000 0.000000 0.000000 0.000000 
-0.315555 -0.982891 0.000027 -0.000178 0.000000 0.000000 0.000000 0.000000 
-0.340242 -0.983006 0.000067 -0.000166 0.000000 0.000000 0.000000 0.000000 
-0.357861 -0.981461 -0.000038 -0.000131 0.000000 0.000000 0.000000 0.000000 
-0.382205 -0.982077 0.000012 -0.000198 0.000000 0.000000 0.000000 0.000000 
-0.407104 -0.975849 -0.000050 -0.000139 0.000000 0.000000 0.000000 0.000000 
-0.425165 -0.979655 0.000001 -0.000123 0.000000 0.000000 0.000000 0.000000 
-0.448668 -0.973693 0.000054 -0.000099 0.000000 0.000000 0.000000 0.000000 
-0.467491 -0.980919 0.000135 -0.000128 0.000000 0.000000 0.000000 0.000000 
-0.498080 -0.972333 0.000080 -0.000109 0.000000 0.000000 0.000000 0.000000 
-0.523400 -0.972102 0.000018 -0.000146 0.000000 0.000000 0.000000 0.000000 
-0.544349 -0.963218 0.000075 -0.000198 0.000000 0.000000 0.000000 0.000000 
-0.575889 -0.962179 0.000105 -0.000065 0.000000 0.000000 0.000000 0.000000 
-0.599534 -0.961740 0.000076 -0.000254 0.000000 0.000000 0.000000 0.000000 
-0.625662 -0.958674 -0.000060 -0.000180 0.000000 0.000000 0.000000 0.000000 
-0.662775 -0.941994 -0.000219 0.000011 0.000000 0.000000 0.000000 0.000000 
-0.693597 -0.935891 -0.000056 -0.000172 0.000000 0.000000 0.000000 0.000000 
-0.717523 -0.927927 -0.000189 0.000192 0.000000 0.000000 0.000000 0.000000 
-0.739565 -0.907745 -0.000064 0.000236 0.000000 0.000000 0.000000 0.000000 
-0.759815 -0.910696 0.000056 0.000260 0.000000 0.000000 0.000000 0.000000 
-0.796794 -0.883859 -0.000086 0.000134 0.000000 0.000000 0.000000 0.000000 
-0.811008 -0.876341 -0.000013 0.000231 0.000000 0.000000 0.000000 0.000000 
-0.849043 -0.845985 0.000169 0.000076 0.000000 0.000000 0.000000 0.000000 
-0.863339 -0.840353 0.000294 0.000210 0.000000 0.000000 0.000000 0.000000 
-0.887494 -0.816652 0.000083 0.000312 0.000000 0.000000 0.000000 0.000000 
-0.908902 -0.795058 0.000316 0.000335 0.000000 0.000000 0.000000 0.000000 
-0.926028 -0.773516 0.000328 0.000250 0.000000 0.000000 0.000000 0.000000 
-0.942825 -0.750638 0.000438 0.000251 0.000000 0.000000 0.000000 0.000000 
-0.956981 -0.726639 0.000285 0.000207 0.000000 0.000000 0.000000 0.000000 
-0.972369 -0.694265 0.000297 0.000329 0.000000 0.000000 0.000000 0.000000 
-0.998076 -0.661906 0.000285 0.000207 0.000000 0.000000 0.000000 0.000000 
-1.003307 -0.632123 0.000215 0.000199 0.000000 0.000000 0.000000 0.000000 
-1.004299 -0.613133 0.000284 0.000102 0.000000 0.000000 0.000000 0.000000 
-1.018361 -0.581035 0.000400 0.000153 0.000000 0.000000 0.000000 0.000000 
-1.021877 -0.555723 0.000330 0.000024 0.000000 0.000000 0.000000 0.000000 
-1.034562 -0.518488 0.000201 -0.000018 0.000000 0.000000 0.000000 0.000000 
-1.026837 -0.506523 0.000230 0.000115 0.000000 0.000000 0.000000 0.000000 
-1.034185 -0.465439 0.000159 0.000043 0.000000 0.000000 0.000000 0.000000 
-1.036296 -0.429382 0.000246 0.000040 0.000000 0.000000 0.000000 0.000000 
-1.036252 -0.407291 0.000212 -0.000019 0.000000 0.000000 0.000000 0.000000 
-1.029229 -0.387940 0.000244 -0.000032 0.000000 0.000000 0.000000 0.000000 
-1.024718 -0.364849 0.000218 0.000040 0.000000 0.000000 0.000000 0.000000 
-1.025127 -0.330768 0.000094 0.000161 0.000000 0.000000 0.000000 0.000000 
-1.016985 -0.300248 0.000202 0.000002 0.000000 0.000000 0.000000 0.000000 
-1.012354 -0.278694 0.000165 0.000078 0.000000 0.000000 0.000000 0.000000 
-1.003740 -0.257252 0.000026 -0.000139 0.000000 0.000000 0.000000 0.000000 
-0.995276 -0.232798 0.000073 0.000085 0.000000 0.000000 0.000000 0.000000 
-0.991056 -0.209272 -0.000074 -0.000124 0.000000 0.000000 0.000000 0.000000 
-0.984506 -0.175638 -0.000094 -0.000071 0.000000 0.000000 0.000000 0.000000 
-0.978422 -0.154486 -0.000077 -0.000257 0.000000 0.000000 0.000000 0.000000 
-0.967364 -0.133133 0.000229 -0.000251 0.000000 0.000000 0.000000 0.000000 
-0.959966 -0.101182 0.000163 0.000038 0.000000 0.000000 0.000000 0.000000 
-0.945500 -0.089797 0.000151 -0.000254 0.000000 0.000000 0.000000 0.000000 
-0.939529 -0.070469 0.000017 -0.000377 0.000000 0.000000 0.000000 0.000000 
thru
0.008373 0.004646 0.937575 -0.408638 0.000000 0.000000 0.000000 0.000000 
0.012577 0.002573 0.631311 -0.382883 0.000000 0.000000 0.000000 0.000000 
0.014291 -0.000892 0.532494 -0.454853 0.000000 0.000000 0.000000 0.000000 
0.013323 -0.004739 0.431446 -0.534928 0.000000 0.000000 0.000000 0.000000 
0.010904 -0.007724 0.315991 -0.603119 0.000000 0.000000 0.000000 0.000000 
0.007732 -0.008942 0.187059 -0.653022 0.000000 0.000000 0.000000 0.000000 
0.005033 -0.008315 0.051025 -0.676300 0.000000 0.000000 0.000000 0.000000 
0.003154 -0.006621 -0.089392 -0.673276 0.000000 0.000000 0.000000 0.000000 
0.002492 -0.004740 -0.227794 -0.643988 0.000000 0.000000 0.000000 0.000000 
0.002708 -0.003252 -0.352044 -0.575295 0.000000 0.000000 0.000000 0.000000 
0.003102 -0.002273 -0.468320 -0.492455 0.000000 0.000000 0.000000 0.000000 
0.003486 -0.001791 -0.565505 -0.385281 0.000000 0.000000 0.000000 0.000000 
0.003894 -0.001483 -0.640924 -0.260833 0.000000 0.000000 0.000000 0.000000 
0.003951 -0.000974 -0.688865 -0.118931 0.000000 0.000000 0.000000 0.000000 
0.004271 -0.000437 -0.705436 0.031447 0.000000 0.000000 0.000000 0.000000 
0.004893 0.000106 -0.689538 0.186017 0.000000 0.000000 0.000000 0.000000 
0.005484 0.000548 -0.640879 0.333989 0.000000 0.000000 0.000000 0.000000 
0.006096 0.000762 -0.557311 0.472205 0.000000 0.000000 0.000000 0.000000 
0.006487 0.000968 -0.445756 0.589504 0.000000 0.000000 0.000000 0.000000 
0.006910 0.001849 -0.307216 0.681140 0.000000 0.000000 0.000000 0.000000 
0.007639 0.003204 -0.150080 0.740419 0.000000 0.000000 0.000000 0.000000 
0.009476 0.004947 0.019639 0.763392 0.000000 0.000000 0.000000 0.000000 
0.012932 0.006497 0.192551 0.747716 0.000000 0.000000 0.000000 0.000000 
0.017961 0.006457 0.360428 0.691957 0.000000 0.000000 0.000000 0.000000 
0.023451 0.004012 0.511764 0.598066 0.000000 0.000000 0.000000 0.000000 
0.028260 -0.001235 0.639812 0.468868 0.000000 0.000000 0.000000 0.000000 
0.030169 -0.008929 0.736352 0.311412 0.000000 0.000000 0.000000 0.000000 
0.028150 -0.017268 0.793143 0.135064 0.000000 0.000000 0.000000 0.000000 
0.022012 -0.024249 0.807672 -0.050713 0.000000 0.000000 0.000000 0.000000 
0.012877 -0.027663 0.778411 -0.235058 0.000000 0.000000 0.000000 0.000000 
0.002513 -0.025652 0.705530 -0.410175 0.000000 0.000000 0.000000 0.000000 
-0.005721 -0.018610 0.593031 -0.564282 0.000000 0.000000 0.000000 0.000000 
-0.009467 -0.007875 0.446845 -0.687538 0.000000 0.000000 0.000000 0.000000 
-0.006398 0.003181 0.274623 -0.771851 0.000000 0.000000 0.000000 0.000000 
0.002239 0.011020 0.087533 -0.813755 0.000000 0.000000 0.000000 0.000000 
0.013909 0.013777 -0.103671 -0.809418 0.000000 0.000000 0.000000 0.000000 
0.024619 0.009501 -0.285025 -0.762156 0.000000 0.000000 0.000000 0.000000 
0.031215 0.000561 -0.451444 -0.672998 0.000000 0.000000 0.000000 0.000000 
0.031721 -0.009696 -0.590723 -0.549978 0.000000 0.000000 0.000000 0.000000 
0.026297 -0.017900 -0.696990 -0.398542 0.000000 0.000000 0.000000 0.000000 
0.017103 -0.020612 -0.765437 -0.225485 0.000000 0.000000 0.000000 0.000000 
0.008840 -0.016636 -0.790608 -0.045683 0.000000 0.000000 0.000000 0.000000 
0.005450 -0.007267 -0.774201 0.135731 0.000000 0.000000 0.000000 0.000000 
0.009290 0.003182 -0.717100 0.303423 0.000000 0.000000 0.000000 0.000000 
0.019925 0.010461 -0.623874 0.454709 0.000000 0.000000 0.000000 0.000000 
0.034795 0.010194 -0.502937 0.576063 0.000000 0.000000 0.000000 0.000000 
0.048790 0.000911 -0.357907 0.668781 0.000000 0.000000 0.000000 0.000000 
0.056697 -0.015581 -0.202675 0.724229 0.000000 0.000000 0.000000 0.000000 
0.054462 -0.034740 -0.035249 0.746460 0.000000 0.000000 0.000000 0.000000 
0.042336 -0.050649 0.132263 0.729675 0.000000 0.000000 0.000000 0.000000 
0.022954 -0.058260 0.287725 0.677144 0.000000 0.000000 0.000000 0.000000 
0.002755 -0.054003 0.427460 0.589694 0.000000 0.000000 0.000000 0.000000 
-0.011890 -0.039651 0.538571 0.482769 0.000000 0.000000 0.000000 0.000000 
-0.015992 -0.019111 0.627064 0.348097 0.000000 0.000000 0.000000 0.000000 
-0.008167 0.000063 0.682093 0.205965 0.000000 0.000000 0.000000 0.000000 
0.008999 0.011908 0.707890 0.052350 0.000000 0.000000 0.000000 0.000000 
0.029892 0.011905 0.699570 -0.102295 0.000000 0.000000 0.000000 0.000000 
0.047359 0.000815 0.659909 -0.249354 0.000000 0.000000 0.000000 0.000000 
0.055405 -0.018087 0.588502 -0.387146 0.000000 0.000000 0.000000 0.000000 
0.051301 -0.038201 0.488591 -0.504890 0.000000 0.000000 0.000000 0.000000 
0.037033 -0.051263 0.368942 -0.597828 0.000000 0.000000 0.000000 0.000000 
0.017809 -0.053659 0.229141 -0.662838 0.000000 0.000000 0.000000 0.000000 
0.001877 -0.043433 0.082798 -0.696254 0.000000 0.000000 0.000000 0.000000 
-0.004075 -0.024671 -0.068474 -0.699622 0.000000 0.000000 0.000000 0.000000 
0.002860 -0.005537 -0.219720 -0.669424 0.000000 0.000000 0.000000 0.000000 
0.021839 0.007123 -0.360298 -0.607455 0.000000 0.000000 0.000000 0.000000 
0.046926 0.006296 -0.486314 -0.518075 0.000000 0.000000 0.000000 0.000000 
0.069306 -0.009980 -0.591119 -0.401767 0.000000 0.000000 0.000000 0.000000 
0.080070 -0.038071 -0.668664 -0.265077 0.000000 0.000000 0.000000 0.000000 
0.074133 -0.068717 -0.714071 -0.111380 0.000000 0.000000 0.000000 0.000000 
0.052406 -0.093541 -0.725073 0.046230 0.000000 0.000000 0.000000 0.000000 
0.019539 -0.102572 -0.701692 0.205399 0.000000 0.000000 0.000000 0.000000 
-0.013222 -0.093339 -0.645537 0.354711 0.000000 0.000000 0.000000 0.000000 
-0.036506 -0.067532 -0.554530 0.498573 0.000000 0.000000 0.000000 0.000000 
-0.041542 -0.033103 -0.435897 0.613838 0.000000 0.000000 0.000000 0.000000 
-0.026543 -0.001320 -0.294501 0.704194 0.000000 0.000000 0.000000 0.000000 
0.003316 0.016216 -0.129284 0.760918 0.000000 0.000000 0.000000 0.000000 
0.038356 0.015129 0.048135 0.779496 0.000000 0.000000 0.000000 0.000000 
0.066596 -0.005799 0.224730 0.760483 0.000000 0.000000 0.000000 0.000000 
0.077955 -0.039057 0.399403 0.692813 0.000000 0.000000 0.000000 0.000000 
0.069899 -0.071487 0.551300 0.588546 0.000000 0.000000 0.000000 0.000000 
0.044457 -0.094234 0.679067 0.450120 0.000000 0.000000 0.000000 0.000000 
0.011827 -0.097639 0.774230 0.280077 0.000000 0.000000 0.000000 0.000000 
-0.016443 -0.082002 0.826357 0.096767 0.000000 0.000000 0.000000 0.000000 
-0.029029 -0.051491 0.834339 -0.104733 0.000000 0.000000 0.000000 0.000000 
-0.020116 -0.019470 0.794180 -0.299334 0.000000 0.000000 0.000000 0.000000 
0.007250 0.001759 0.703979 -0.483341 0.000000 0.000000 0.000000 0.000000 
0.044652 0.002077 0.571578 -0.638153 0.000000 0.000000 0.000000 0.000000 
0.077036 -0.020486 0.415816 -0.756009 0.000000 0.000000 0.000000 0.000000 
0.091913 -0.058850 0.219647 -0.834724 0.000000 0.000000 0.000000 0.000000 
0.083635 -0.102347 0.021479 -0.867864 0.000000 0.000000 0.000000 0.000000 
0.052272 -0.135032 -0.181619 -0.848343 0.000000 0.000000 0.000000 0.000000 
0.007134 -0.145686 -0.376587 -0.782270 0.000000 0.000000 0.000000 0.000000 
-0.036489 -0.130883 -0.549092 -0.673685 0.000000 0.000000 0.000000 0.000000 
-0.066140 -0.092409 -0.695563 -0.523273 0.000000 0.000000 0.000000 0.000000 
-0.068728 -0.045803 -0.799980 -0.342167 0.000000 0.000000 0.000000 0.000000 
-0.044544 -0.004089 -0.857730 -0.135101 0.000000 0.000000 0.000000 0.000000 
0.000315 0.014275 -0.860627 0.069866 0.000000 0.000000 0.000000 0.000000 
0.047473 0.003808 -0.813344 0.271535 0.000000 0.000000 0.000000 0.000000 
0.081511 -0.031612 -0.726008 0.443525 0.000000 0.000000 0.000000 0.000000 
0.088382 -0.079632 -0.593171 0.596356 0.000000 0.000000 0.000000 0.000000 
0.067778 -0.125494 -0.439153 0.709874 0.000000 0.000000 0.000000 0.000000 
0.025560 -0.150409 -0.270350 0.783177 0.000000 0.000000 0.000000 0.000000 
-0.023439 -0.147818 -0.085671 0.819043 0.000000 0.000000 0.000000 0.000000 
-0.062683 -0.116470 0.101555 0.813536 0.000000 0.000000 0.000000 0.000000 
-0.075087 -0.069862 0.285107 0.763151 0.000000 0.000000 0.000000 0.000000 
-0.056283 -0.024850 0.444513 0.681039 0.000000 0.000000 0.000000 0.000000 
-0.014031 0.001971 0.580545 0.559556 0.000000 0.000000 0.000000 0.000000 
0.037946 -0.003471 0.688547 0.415178 0.000000 0.000000 0.000000 0.000000 
0.079449 -0.040006 0.760244 0.252096 0.000000 0.000000 0.000000 0.000000 
0.093765 -0.095774 0.794063 0.087658 0.000000 0.000000 0.000000 0.000000 
0.073791 -0.152532 0.794591 -0.089970 0.000000 0.000000 0.000000 0.000000 
0.023875 -0.191031 0.756575 -0.262783 0.000000 0.000000 0.000000 0.000000 
-0.039037 -0.197122 0.687580 -0.417570 0.000000 0.000000 0.000000 0.000000 
-0.097549 -0.167766 0.584258 -0.563270 0.000000 0.000000 0.000000 0.000000 
-0.129933 -0.111412 0.454196 -0.680949 0.000000 0.000000 0.000000 0.000000 
-0.126864 -0.046862 0.293159 -0.773637 0.000000 0.000000 0.000000 0.000000 
-0.086413 0.003608 0.114860 -0.830566 0.000000 0.000000 0.000000 0.000000 
-0.027719 0.023874 -0.066657 -0.848431 0.000000 0.000000 0.000000 0.000000 
0.032942 0.006165 -0.258206 -0.820460 0.000000 0.000000 0.000000 0.000000 
0.072669 -0.042922 -0.444533 -0.749339 0.000000 0.000000 0.000000 0.000000 
0.077854 -0.106584 -0.610764 -0.637657 0.000000 0.000000 0.000000 0.000000 
0.045545 -0.159862 -0.744400 -0.487800 0.000000 0.000000 0.000000 0.000000 
-0.011285 -0.187268 -0.843828 -0.310721 0.000000 0.000000 0.000000 0.000000 
-0.072255 -0.177242 -0.901693 -0.117634 0.000000 0.000000 0.000000 0.000000 
-0.117889 -0.134039 -0.910545 0.104445 0.000000 0.000000 0.000000 0.000000 
-0.128300 -0.074607 -0.875616 0.299040 0.000000 0.000000 0.000000 0.000000 
-0.101796 -0.017035 -0.782959 0.496060 0.000000 0.000000 0.000000 0.000000 
-0.046746 0.014070 -0.649586 0.663990 0.000000 0.000000 0.000000 0.000000 
0.018267 0.007482 -0.481051 0.793145 0.000000 0.000000 0.000000 0.000000 
0.070902 -0.037981 -0.280465 0.879331 0.000000 0.000000 0.000000 0.000000 
0.086461 -0.106541 -0.061250 0.914252 0.000000 0.000000 0.000000 0.000000 
0.062895 -0.175968 0.146304 0.893067 0.000000 0.000000 0.000000 0.000000 
0.004829 -0.222219 0.330633 0.830726 0.000000 0.000000 0.000000 0.000000 
-0.070813 -0.229006 0.498307 0.726766 0.000000 0.000000 0.000000 0.000000 
-0.137177 -0.194894 0.639822 0.590313 0.000000 0.000000 0.000000 0.000000 
-0.174126 -0.131031 0.741699 0.436600 0.000000 0.000000 0.000000 0.000000 
-0.173161 -0.057217 0.812389 0.267429 0.000000 0.000000 0.000000 0.000000 
-0.130972 0.003399 0.849107 0.090260 0.000000 0.000000 0.000000 0.000000 
-0.060357 0.028558 0.848516 -0.086919 0.000000 0.000000 0.000000 0.000000 
0.010983 0.010233 0.808999 -0.270348 0.000000 0.000000 0.000000 0.000000 
0.060898 -0.046844 0.730666 -0.432479 0.000000 0.000000 0.000000 0.000000 
0.065481 -0.123082 0.617271 -0.576847 0.000000 0.000000 0.000000 0.000000 
0.027806 -0.186787 0.485531 -0.684842 0.000000 0.000000 0.000000 0.000000 
-0.038043 -0.218465 0.343312 -0.760321 0.000000 0.000000 0.000000 0.000000 
-0.111777 -0.206007 0.174259 -0.819534 0.000000 0.000000 0.000000 0.000000 
-0.164150 -0.155429 0.017192 -0.845167 0.000000 0.000000 0.000000 0.000000 
-0.180317 -0.083352 -0.154852 -0.845914 0.000000 0.000000 0.000000 0.000000 
-0.151494 -0.017174 -0.320019 -0.823038 0.000000 0.000000 0.000000 0.000000 
-0.085238 0.026765 -0.503561 -0.757557 0.000000 0.000000 0.000000 0.000000 
-0.004321 0.020878 -0.678021 -0.648467 0.000000 0.000000 0.000000 0.000000 
0.061885 -0.032129 -0.825929 -0.492609 0.000000 0.000000 0.000000 0.000000 
0.088483 -0.115180 -0.932356 -0.313837 0.000000 0.000000 0.000000 0.000000 
0.061823 -0.201262 -1.000190 -0.095492 0.000000 0.000000 0.000000 0.000000 
-0.009337 -0.259134 -1.013756 0.140148 0.000000 0.000000 0.000000 0.000000 
-0.095987 -0.275149 -0.985025 0.352386 0.000000 0.000000 0.000000 0.000000 
-0.179008 -0.237774 -0.903984 0.577026 0.000000 0.000000 0.000000 0.000000 
-0.229137 -0.162173 -0.776544 0.786173 0.000000 0.000000 0.000000 0.000000 
-0.232594 -0.071673 -0.608191 0.974906 0.000000 0.000000 0.000000 0.000000 
-0.184186 0.006352 -0.356149 1.127211 0.000000 0.000000 0.000000 0.000000 
-0.100167 0.042719 -0.084844 1.215277 0.000000 0.000000 0.000000 0.000000 
-0.006771 0.025269 0.234851 1.228570 0.000000 0.000000 0.000000 0.000000 
0.055812 -0.044081 0.546961 1.145058 0.000000 0.000000 0.000000 0.000000 
0.063439 -0.140883 0.829651 0.985251 0.000000 0.000000 0.000000 0.000000 
0.023836 -0.220734 1.035375 0.761136 0.000000 0.000000 0.000000 0.000000 
-0.057983 -0.262815 1.194542 0.470503 0.000000 0.000000 0.000000 0.000000 
-0.148033 -0.257535 1.276025 0.179939 0.000000 0.000000 0.000000 0.000000 
-0.220535 -0.197069 1.280912 -0.125724 0.000000 0.000000 0.000000 0.000000 
-0.247898 -0.108039 1.211451 -0.443041 0.000000 0.000000 0.000000 0.000000 
-0.219865 -0.016562 1.058340 -0.743877 0.000000 0.000000 0.000000 0.000000 
-0.144905 0.040958 0.851537 -0.966860 0.000000 0.000000 0.000000 0.000000 
-0.048501 0.045994 0.576033 -1.148700 0.000000 0.000000 0.000000 0.000000 
0.034439 -0.006304 0.262823 -1.233680 0.000000 0.000000 0.000000 0.000000 
0.074663 -0.098531 -0.036219 -1.233453 0.000000 0.000000 0.000000 0.000000 
0.054709 -0.196554 -0.338110 -1.154153 0.000000 0.000000 0.000000 0.000000 
-0.018566 -0.263609 -0.588891 -1.008750 0.000000 0.000000 0.000000 0.000000 
-0.109904 -0.282260 -0.772014 -0.818193 0.000000 0.000000 0.000000 0.000000 
-0.203972 -0.244366 -0.919396 -0.580974 0.000000 0.000000 0.000000 0.000000 
-0.259878 -0.162651 -0.993498 -0.351427 0.000000 0.000000 0.000000 0.000000 
-0.262101 -0.063174 -1.010913 -0.117052 0.000000 0.000000 0.000000 0.000000 
-0.211385 0.023305 -0.981287 0.105398 0.000000 0.000000 0.000000 0.000000 
-0.121257 0.062050 -0.897641 0.320839 0.000000 0.000000 0.000000 0.000000 
-0.026208 0.048228 -0.780004 0.483885 0.000000 0.000000 0.000000 0.000000 
0.046016 -0.019869 -0.628080 0.619515 0.000000 0.000000 0.000000 0.000000 
0.066149 -0.112891 -0.456165 0.707988 0.000000 0.000000 0.000000 0.000000 
0.026271 -0.197363 -0.284315 0.751674 0.000000 0.000000 0.000000 0.000000 
-0.052454 -0.241688 -0.129089 0.755797 0.000000 0.000000 0.000000 0.000000 
-0.138760 -0.236473 0.006606 0.739528 0.000000 0.000000 0.000000 0.000000 
-0.203935 -0.182977 0.134750 0.698028 0.000000 0.000000 0.000000 0.000000 
-0.229912 -0.098235 0.247257 0.644732 0.000000 0.000000 0.000000 0.000000 
-0.204198 -0.019246 0.354060 0.584650 0.000000 0.000000 0.000000 0.000000 
-0.137333 0.034365 0.445096 0.515237 0.000000 0.000000 0.000000 0.000000 
-0.052477 0.040798 0.531455 0.432102 0.000000 0.000000 0.000000 0.000000 
0.025044 -0.002777 0.611585 0.326506 0.000000 0.000000 0.000000 0.000000 
0.060616 -0.082414 0.679366 0.199149 0.000000 0.000000 0.000000 0.000000 
0.044224 -0.167173 0.716123 0.072642 0.000000 0.000000 0.000000 0.000000 
-0.015706 -0.228258 0.730578 -0.078683 0.000000 0.000000 0.000000 0.000000 
-0.102733 -0.243372 0.711871 -0.237346 0.000000 0.000000 0.000000 0.000000 
-0.184755 -0.208787 0.658707 -0.397224 0.000000 0.000000 0.000000 0.000000 
-0.230791 -0.135392 0.577598 -0.540588 0.000000 0.000000 0.000000 0.000000 
-0.234605 -0.051521 0.465777 -0.667817 0.000000 0.000000 0.000000 0.000000 
